2011-08-23_00:00:00 19.16 -69.25  1000    38
2011-08-23_01:00:00 19.61 -69.07   997    39
2011-08-23_02:00:00 19.76 -69.01   995    40
2011-08-23_03:00:00 19.87 -69.34   994    39
2011-08-23_04:00:00 19.78 -69.56   993    38
2011-08-23_05:00:00 19.93 -69.50   992    38
2011-08-23_06:00:00 20.14 -69.60   991    42
2011-08-23_07:00:00 20.19 -69.76   989    43
2011-08-23_08:00:00 20.25 -69.92   986    43
2011-08-23_09:00:00 20.30 -70.08   984    44
2011-08-23_10:00:00 20.36 -70.25   982    42
2011-08-23_11:00:00 20.41 -70.41   981    42
2011-08-23_12:00:00 20.47 -70.57   981    42
2011-08-23_13:00:00 20.52 -70.73   982    42
2011-08-23_14:00:00 20.58 -70.90   982    43
2011-08-23_15:00:00 20.73 -70.84   981    43
2011-08-23_16:00:00 20.78 -71.00   979    45
2011-08-23_17:00:00 20.84 -71.17   977    46
2011-08-23_18:00:00 20.89 -71.33   975    47
2011-08-23_19:00:00 20.79 -71.55   974    46
2011-08-23_20:00:00 20.79 -71.55   973    44
2011-08-23_21:00:00 20.84 -71.72   974    42
2011-08-23_22:00:00 21.00 -71.66   974    42
2011-08-23_23:00:00 20.90 -71.88   972    41
2011-08-24_00:00:00 20.95 -72.05   971    43
2011-08-24_01:00:00 20.95 -72.05   969    46
2011-08-24_02:00:00 21.00 -72.21   968    48
2011-08-24_03:00:00 21.05 -72.38   969    48
2011-08-24_04:00:00 21.05 -72.38   970    46
2011-08-24_05:00:00 21.26 -72.49   969    44
2011-08-24_06:00:00 21.31 -72.65   969    46
2011-08-24_07:00:00 21.51 -72.77   967    46
2011-08-24_08:00:00 21.56 -72.93   966    46
2011-08-24_09:00:00 21.72 -72.88   964    49
2011-08-24_10:00:00 21.97 -73.16   964    52
2011-08-24_11:00:00 22.02 -73.33   965    51
2011-08-24_12:00:00 22.23 -73.44   965    48
2011-08-24_13:00:00 22.28 -73.61   966    49
2011-08-24_14:00:00 22.33 -73.78   965    51
2011-08-24_15:00:00 22.38 -73.95   963    51
2011-08-24_16:00:00 22.43 -74.12   961    51
2011-08-24_17:00:00 22.63 -74.24   959    52
2011-08-24_18:00:00 22.63 -74.24   958    54
2011-08-24_19:00:00 22.84 -74.36   957    54
2011-08-24_20:00:00 22.88 -74.53   956    54
2011-08-24_21:00:00 22.93 -74.70   955    53
2011-08-24_22:00:00 23.14 -74.82   955    51
2011-08-24_23:00:00 23.18 -74.99   954    52
2011-08-25_00:00:00 23.23 -75.16   953    53
2011-08-25_01:00:00 23.23 -75.16   952    54
2011-08-25_02:00:00 23.28 -75.34   952    53
2011-08-25_03:00:00 23.43 -75.29   951    56
2011-08-25_04:00:00 23.48 -75.46   950    57
2011-08-25_05:00:00 23.68 -75.58   949    55
2011-08-25_06:00:00 23.89 -75.71   949    56
2011-08-25_07:00:00 24.09 -75.83   948    57
2011-08-25_08:00:00 24.09 -75.83   946    56
2011-08-25_09:00:00 24.30 -75.96   944    56
2011-08-25_10:00:00 24.66 -76.03   944    57
2011-08-25_11:00:00 24.71 -76.21   945    57
2011-08-25_12:00:00 24.91 -76.34   946    57
2011-08-25_13:00:00 25.07 -76.29   946    58
2011-08-25_14:00:00 25.28 -76.42   948    58
2011-08-25_15:00:00 25.32 -76.59   949    57
2011-08-25_16:00:00 25.49 -76.54   948    56
2011-08-25_17:00:00 25.69 -76.67   947    57
2011-08-25_18:00:00 25.90 -76.81   947    59
2011-08-25_19:00:00 26.06 -76.76   947    59
2011-08-25_20:00:00 26.26 -76.89   945    62
2011-08-25_21:00:00 26.43 -76.84   944    63
2011-08-25_22:00:00 26.59 -76.79   943    62
2011-08-25_23:00:00 26.79 -76.92   943    64
2011-08-26_00:00:00 27.00 -77.06   942    63
2011-08-26_01:00:00 27.16 -77.01   942    62
2011-08-26_02:00:00 27.37 -77.14   943    60
2011-08-26_03:00:00 27.58 -77.28   944    59
2011-08-26_04:00:00 27.74 -77.23   944    59
2011-08-26_05:00:00 27.90 -77.18   943    59
2011-08-26_06:00:00 28.11 -77.31   943    60
2011-08-26_07:00:00 28.27 -77.27   943    59
2011-08-26_08:00:00 28.44 -77.22   942    59
2011-08-26_09:00:00 28.65 -77.35   941    61
2011-08-26_10:00:00 28.81 -77.30   942    62
2011-08-26_11:00:00 29.02 -77.44   943    61
2011-08-26_12:00:00 29.18 -77.39   943    59
2011-08-26_13:00:00 29.35 -77.34   943    58
2011-08-26_14:00:00 29.51 -77.29   944    59
2011-08-26_15:00:00 29.72 -77.43   945    59
2011-08-26_16:00:00 29.89 -77.38   945    59
2011-08-26_17:00:00 29.89 -77.38   945    57
2011-08-26_18:00:00 30.05 -77.33   945    58
2011-08-26_19:00:00 30.22 -77.28   946    57
2011-08-26_20:00:00 30.38 -77.23   946    58
2011-08-26_21:00:00 30.59 -77.37   946    58
2011-08-26_22:00:00 30.76 -77.32   947    57
2011-08-26_23:00:00 30.92 -77.27   948    58
2011-08-27_00:00:00 31.09 -77.22   949    58
2011-08-27_01:00:00 31.09 -77.22   949    58
2011-08-27_02:00:00 31.25 -77.17   950    58
2011-08-27_03:00:00 31.42 -77.12   951    59
2011-08-27_04:00:00 31.59 -77.06   951    57
2011-08-27_05:00:00 31.80 -77.21   950    53
2011-08-27_06:00:00 31.96 -77.15   950    52
2011-08-27_07:00:00 32.13 -77.10   950    51
2011-08-27_08:00:00 32.30 -77.05   950    51
2011-08-27_09:00:00 32.46 -77.00   949    53
2011-08-27_10:00:00 32.63 -76.94   949    55
2011-08-27_11:00:00 32.80 -76.89   949    55
2011-08-27_12:00:00 32.96 -76.84   949    56
2011-08-27_13:00:00 33.13 -76.78   948    56
2011-08-27_14:00:00 33.30 -76.73   949    56
2011-08-27_15:00:00 33.46 -76.67   949    57
2011-08-27_16:00:00 33.68 -76.82   949    57
2011-08-27_17:00:00 33.84 -76.77   949    56
2011-08-27_18:00:00 34.13 -76.45   949    56
2011-08-27_19:00:00 34.30 -76.40   951    56
2011-08-27_20:00:00 34.68 -76.49   951    55
2011-08-27_21:00:00 34.68 -76.49   952    55
2011-08-27_22:00:00 34.85 -76.43   953    56
2011-08-27_23:00:00 35.02 -76.38   955    57
2011-08-28_00:00:00 35.19 -76.32   956    57
